   8.2775013e-01
   6.0323827e-01
   8.1784168e-01
   9.5554717e-01
   6.5037819e-01
   6.2764735e-01
   6.4656333e-01
   6.2133129e-02
   9.3819665e-01
   8.9871644e-01
   6.9485916e-01
   3.1040617e-01
   3.4354561e-01
   7.6229443e-02
   5.1983694e-01
   6.0877732e-01
   7.2715996e-01
   7.3933577e-05
   1.6976627e-01
   4.6329102e-01
   3.6185215e-01
   9.5206561e-01
   9.3219336e-01
   9.5806866e-01
   2.0653842e-01
   1.5970073e-01
   5.7176057e-01
   5.9291919e-01
   6.9861075e-01
   3.0581346e-01
   3.9385134e-01
   3.3688583e-01
   1.2899304e-01
   8.6936356e-02
   5.4894335e-01
   3.1773325e-01
   9.9274758e-01
   7.2356525e-01
   5.7210139e-01
   7.1722717e-01
   9.7655923e-01
   4.2699056e-01
   9.1301377e-01
   8.9731125e-01
   8.3522857e-01
   4.7958171e-02
   3.5928057e-01
   2.9575390e-01
   6.2912562e-01
   1.3618380e-01
   3.7404580e-01
   8.6478170e-01
   2.5027359e-01
   2.9505579e-02
   9.9944897e-01
   6.0514268e-01
   2.4419512e-01
   4.3819527e-01
   7.3509357e-01
   5.5798909e-01
   4.3833939e-01
   6.0354176e-01
   1.8099881e-01
   8.0878614e-01
   8.1905843e-01
   4.8723572e-01
   7.5505040e-01
   4.0437253e-01
   7.2567630e-01
   1.5400858e-01
   5.0907328e-01
   6.6803559e-01
   1.5257565e-01
   6.2696014e-02
   3.3711488e-01
   4.4594398e-01
   7.5764847e-01
   1.3053358e-01
   9.0151184e-01
   2.2033824e-01
   3.7855074e-01
   4.2275589e-01
   9.7268620e-01
   1.7701604e-01
   8.8227651e-01
   5.5125735e-01
   3.2149191e-01
   8.9984560e-01
   5.4211172e-01
   4.6288926e-01
   8.0797493e-01
   3.6081824e-01
   9.7100298e-01
   5.5551732e-01
   7.6981970e-01
   6.8012102e-01
   2.0519955e-01
   8.3462293e-01
   8.6546703e-01
   4.1520783e-02
   6.1419303e-01
   2.7328023e-01
   7.4670692e-01
   4.8787195e-01
   7.9237549e-01
   5.2446290e-01
   5.9751153e-01
   2.2003020e-01
   3.6401926e-01
   2.9724203e-01
   8.5161692e-01
   9.7368959e-01
   6.2362160e-01
   8.9227919e-01
   9.8090271e-01
   6.4697910e-01
   7.9881851e-01
   4.0487444e-01
   4.8236443e-01
   6.3892359e-02
   8.0292853e-01
   3.5107100e-01
   8.4927245e-01
   9.9180722e-01
   4.8432395e-01
   3.5636460e-01
   5.4371085e-02
   9.1407706e-01
   7.0496874e-01
   4.3808360e-01
   9.6810903e-01
   7.2382084e-01
   6.5680331e-01
   5.1477159e-01
   8.7705626e-01
   6.0174161e-02
   4.7147765e-01
   3.1101657e-01
   1.9469307e-01
   1.5104954e-01
   9.0142040e-01
   7.0658295e-02
   9.5838772e-01
   6.9988974e-01
   1.2009664e-02
   4.8803993e-03
   8.5329140e-01
   4.6728777e-01
   8.3671866e-01
   2.2062481e-01
   8.0596050e-01
   2.4857944e-01
   9.9827261e-01
   9.3789763e-01
   5.5395635e-01
   9.1269742e-01
   6.3548994e-01
   7.8009573e-01
   5.6721818e-01
   1.9176167e-01
   9.0624833e-01
   5.1485642e-01
   9.9897631e-01
   3.7732867e-01
   2.0611198e-01
   7.2994670e-01
   3.1343567e-01
   1.1758093e-01
   8.8860559e-01
   6.9312290e-01
   9.3990014e-01
   4.1716732e-01
   8.1577085e-01
   8.0484269e-01
   3.6040428e-01
   9.1381414e-01
   2.8831583e-01
   1.6500186e-01
   4.5586251e-01
   2.4281732e-01
   1.9220526e-03
   6.1534288e-01
   6.6122786e-01
   6.6033643e-01
   6.8047517e-01
   8.5064967e-01
   3.7314468e-02
   6.8077520e-01
   5.7113760e-01
   6.9021478e-01
   8.9556644e-01
   2.6686229e-01
   6.8554608e-02
   3.1360146e-01
   7.8917952e-01
   4.9833982e-01
   4.3703274e-01
   1.6840570e-01
   2.6456268e-01
   6.8388158e-01
   8.1663741e-01
   7.0552099e-01
   5.7653889e-01
   9.9406249e-01
   4.6119327e-01
   4.9335325e-01
   2.7395969e-01
   6.5510289e-01
   4.0705709e-01
   2.9996314e-01
   6.0543557e-01
   7.9117327e-01
   9.7089357e-01
   7.7338383e-01
   5.9998171e-01
   4.4906863e-01
   1.5347277e-01
   2.1123300e-01
   7.0034904e-01
   9.5618219e-01
   6.3546866e-01
   8.9127116e-01
   2.1628501e-01
   6.8354371e-01
   3.1505862e-01
   2.5386580e-02
   8.2024904e-01
   4.3266870e-01
   8.8706613e-02
   9.3508399e-01
   3.9077682e-01
   5.8793165e-01
   2.3983594e-01
   6.5356500e-01
   3.6653248e-01
   4.8124993e-01
   4.0168556e-01
   3.3379754e-01
   2.6758537e-01
   7.6784296e-01
   2.4038192e-01
   9.6127716e-01
   9.2355126e-01
   2.7424691e-01
   2.2327898e-01
   2.5212356e-01
   2.4699342e-01
   2.3957638e-01
   4.2825096e-01
   8.2592589e-01
   6.1718624e-01
   1.9387440e-01
   8.0808145e-01
   9.8563419e-01
   1.4860245e-01
   8.5303081e-01
   2.3860195e-01
   4.1694055e-01
   3.2239990e-01
   4.3403864e-01
   3.2742371e-01
   9.8968783e-02
   6.7117440e-01
   4.9358696e-02
   2.0099589e-01
   4.9913693e-01
   2.7541932e-01
   4.1960392e-01
   5.9699288e-01
   4.9144909e-02
   8.8667943e-01
   8.5829917e-01
   8.5061550e-02
   1.7741677e-01
   1.3398521e-02
   5.8998544e-01
   7.0786199e-01
   7.5892256e-01
   2.1397129e-01
   9.6616727e-01
   4.8438897e-01
   6.2468101e-02
   1.7845920e-01
   3.3826338e-01
   8.8048220e-01
   4.2720548e-02
   3.5540742e-01
   6.4073932e-01
   8.2788371e-01
   4.4623015e-02
   7.9082563e-01
   5.1150661e-02
   2.9642585e-01
   2.7214238e-01
   9.1345381e-01
   6.0546710e-01
   5.0221745e-01
   7.3660045e-01
   1.1212317e-01
   8.8448988e-01
   5.2955068e-01
   5.4939216e-03
   1.6286791e-01
   2.6232605e-01
   3.8869830e-02
   6.8206447e-01
   2.8196464e-02
   4.9994921e-01
   4.8069493e-01
   2.7852885e-01
   5.9049171e-01
   2.8741595e-01
   9.1994632e-01
   6.0638450e-03
   5.6453038e-01
   3.6869232e-01
   3.7136076e-01
   2.1194321e-02
   6.8725064e-01
   5.5456374e-01
   7.6543579e-01
   7.9133896e-01
   2.4656086e-01
   1.9980665e-01
   3.6693906e-01
   7.1957202e-01
   1.2536482e-01
   4.2989424e-01
   1.6353487e-02
   7.1020158e-02
   7.1030610e-01
   8.0294782e-01
   9.1019662e-01
   9.1212370e-01
   6.2953618e-01
   1.3149379e-01
   6.2136507e-02
   7.7754383e-01
   7.4214951e-01
   6.2592923e-01
   7.2909668e-01
   2.0301436e-01
   7.9499481e-01
   9.7457117e-01
   4.2014416e-01
   2.4572059e-01
   4.8012201e-01
   6.6897242e-01
   8.5237579e-01
   9.4532262e-01
   1.2873226e-01
   6.9664525e-01
   8.0084145e-02
   1.0356265e-01
   1.3119836e-01
   5.1505540e-01
   4.8178108e-01
   4.4588340e-01
   7.9817690e-01
   5.2893825e-01
   6.6884373e-01
   4.8333759e-01
   3.3268700e-01
   2.5880165e-01
   9.7370271e-01
   2.6436029e-01
   7.8994085e-01
   4.9706892e-01
   3.2078527e-01
   6.1628279e-01
   6.8941499e-03
   6.2933654e-02
   9.2002497e-01
   9.0616369e-01
   8.3153713e-01
   9.1367467e-01
   6.7915765e-01
   7.7705860e-01
   6.9366795e-01
   1.9885647e-01
   4.5238827e-01
   7.8888675e-01
   1.9245466e-03
   5.5557760e-01
   4.3324829e-01
   5.8415946e-02
   4.4195985e-01
   8.3959368e-01
   6.1825668e-01
   7.4159406e-01
   9.3563740e-01
   3.2531001e-01
   7.4599144e-01
   8.7289822e-01
   4.3328591e-01
   5.2155966e-01
   6.5265926e-01
   4.6901146e-01
   1.8329932e-01
   2.2600219e-01
   4.1195542e-01
   1.5291708e-02
   7.5067041e-01
   6.2123417e-02
   4.3168437e-01
   5.4277936e-01
   6.1014855e-01
   4.3623417e-01
   8.1068558e-02
   2.8395724e-01
   7.3226804e-02
   7.2997755e-01
   3.4637510e-01
   6.5220527e-01
   4.8175745e-01
   3.8259364e-01
   3.2688584e-01
   1.0303992e-01
   3.7041238e-01
   3.7744154e-01
   4.8179832e-01
   7.9561956e-01
   6.9139370e-01
   8.4979010e-01
   5.1228253e-01
   8.5503341e-01
   4.6544155e-01
   2.6484860e-01
   6.2948421e-01
   5.6273412e-01
   5.4115647e-01
   3.9331144e-01
   4.2046237e-01
   1.3712198e-01
   2.9217788e-01
   7.3232132e-03
   9.3270122e-01
   6.0925854e-01
   8.9184569e-01
   4.2082484e-01
   4.0018134e-01
   5.5393412e-01
   5.9625944e-01
   5.0627882e-01
   5.8720963e-01
   1.3282169e-01
   7.6159798e-01
   6.5114350e-01
   3.5108987e-01
   3.1259638e-01
   2.7425053e-01
   1.4953074e-01
   3.3434568e-01
   8.3303405e-01
   2.3357576e-01
   6.9240963e-02
   4.9472717e-01
   1.2215134e-01
   4.0262127e-01
   9.1214211e-02
   7.2054808e-01
   3.4234291e-01
   5.6630489e-01
   6.5451237e-01
   6.5250115e-01
   7.0085671e-01
   3.0110449e-01
   8.5463814e-02
   6.3343571e-01
   2.6643462e-01
   8.9425178e-01
   3.0026897e-01
   7.1505693e-01
   3.3035231e-01
   3.6487326e-01
   5.9234811e-01
   9.0518547e-01
   2.6452884e-01
   9.4982588e-01
   7.3872898e-01
   4.4611480e-03
   8.5073676e-01
   6.9557219e-01
   5.6243212e-01
   3.3771611e-01
   3.3279935e-01
   7.7322788e-02
   4.5830093e-01
   6.5719007e-01
   5.7195385e-01
   4.0210864e-01
   9.3470117e-01
   3.6053423e-01
   9.4771401e-01
   3.0123579e-02
   4.4109667e-01
   7.0070915e-01
   7.0299282e-01
   5.1016655e-01
   6.1224389e-01
   7.4636894e-01
   8.0143561e-01
   3.3672498e-01
   5.6409301e-01
   8.5526607e-01
   5.8915860e-01
   5.0824120e-01
   8.5343050e-01
   6.8379834e-01
   1.0633826e-01
   5.0195683e-01
   1.9166665e-02
   4.4260938e-01
   9.0717543e-01
   4.4669624e-02
   9.4519080e-01
   1.8038036e-01
   3.6990815e-01
   2.0523908e-01
   9.5585845e-02
   4.3274093e-01
   2.7756094e-01
   1.0085821e-01
   4.9892045e-01
   2.3903407e-01
   3.4960133e-01
   5.5826229e-01
   5.4806691e-01
   4.2127393e-01
   3.8549967e-01
   3.8066378e-01
   2.8072836e-01
   1.7991238e-01
   1.2728402e-01
   1.5690224e-02
   7.5308797e-01
   5.0495519e-01
   7.2211024e-01
   7.6110081e-01
   2.6894888e-01
   1.9362198e-01
   6.4148790e-02
   4.2537432e-01
   7.0214699e-01
   9.7732065e-01
   5.5158273e-01
   4.3806777e-02
   5.8214877e-01
   2.7837573e-01
   5.4219425e-01
   4.4332089e-01
   1.1720543e-01
   3.7994122e-01
   7.6483289e-01
   9.1836829e-01
   6.9269906e-01
   9.7062424e-01
   1.2616497e-01
   6.4641389e-01
   3.8684996e-01
   5.6234459e-01
   1.9835058e-01
   3.9392632e-01
   3.4024226e-01
   3.5647777e-01
   3.7303989e-01
   1.1536423e-01
   5.0120976e-01
   8.1691282e-01
   3.4350699e-01
   4.9853620e-01
   1.1802398e-01
   5.7551667e-01
   5.1546425e-01
   3.5527668e-01
   8.6334893e-01
   3.4401498e-01
   4.5688138e-01
   2.3808891e-01
   7.7116308e-01
   2.7340452e-01
   5.2500211e-01
   5.3111346e-01
   8.7338419e-01
   9.3761303e-01
   4.8717480e-02
   9.7884491e-01
   6.3232586e-01
   7.2633812e-02
   2.1182401e-01
   3.5988722e-01
   4.2668128e-01
   7.5814537e-01
   9.1575077e-01
   6.2974015e-01
   9.5590911e-01
   7.5511844e-01
   5.2611117e-01
   8.5011100e-01
   8.1603092e-01
   1.3213047e-01
   7.6072417e-01
   6.1723247e-01
   3.9764722e-01
   8.4127198e-01
   3.8319707e-02
   9.6205928e-02
   9.4810224e-01
   3.9601561e-01
   5.3226210e-01
   9.0364248e-01
   3.4003524e-01
   6.6389564e-01
   7.2736107e-01
   2.2301360e-01
   5.5545403e-01
   4.5523267e-01
   6.1026454e-01
   5.4399004e-01
   5.1835634e-01
   2.8604775e-01
   8.7901616e-01
   9.3654304e-01
   8.0620928e-01
   9.6908493e-01
   5.2423492e-01
   1.1286894e-01
   6.5023444e-01
   1.9088597e-01
   8.5693584e-01
   9.4285307e-01
   1.0344690e-01
   2.9643895e-01
   7.9903403e-01
   4.4171476e-01
   4.9252056e-01
   2.9516172e-02
   5.7264339e-01
   5.7246217e-01
   7.4169137e-01
   7.6605563e-02
   7.8716647e-01
   1.9349499e-01
   5.3092770e-01
   9.2412978e-01
   9.8605646e-01
   9.7529340e-01
   3.0476886e-01
   7.5363841e-01
   2.0635512e-01
   8.6138071e-01
   6.5784416e-01
   1.0220576e-01
   5.8046480e-01
   9.6348828e-01
   8.4487265e-01
   7.5310690e-01
   7.0304981e-01
   2.4662365e-01
   3.9941495e-02
   4.6211318e-01
   1.1737381e-01
   1.6161997e-01
   4.1975584e-01
   6.6611535e-01
   9.7315439e-01
   2.7965044e-01
   5.3139297e-01
   9.3069266e-01
   1.6666241e-01
   7.8924973e-01
   1.0296535e-01
   8.8362270e-01
   5.2223761e-01
   9.7412642e-01
   7.5610419e-01
   7.2257007e-01
   2.6011883e-03
   2.0561373e-01
   2.6036919e-01
   7.9954703e-02
   7.3532773e-01
   8.2265068e-01
   3.4339064e-01
   1.3613810e-01
   6.6588943e-01
   8.3044114e-01
   6.7362087e-01
   1.3945910e-01
   3.7882688e-01
   6.7836294e-01
   5.1592509e-01
   9.7805537e-01
   2.6772470e-01
   8.6691050e-01
   3.7375487e-01
   1.3663034e-01
   8.2691546e-02
   7.3882369e-01
   3.7206780e-01
   3.8051630e-01
   3.0217376e-01
   2.9452541e-01
   2.5981357e-01
   4.6347502e-01
   9.8785227e-01
   3.8507588e-01
   9.4323421e-01
   1.6700120e-01
   9.2500406e-01
   7.5433737e-01
   8.5659944e-01
   6.0238652e-01
   1.0736682e-01
   4.5547226e-01
   6.5458971e-01
   5.7533121e-02
   2.1262877e-02
   2.8980174e-01
   9.3147883e-01
   5.1401936e-01
   8.7529843e-01
   3.7809951e-01
   8.8451152e-01
   5.3477387e-01
   8.9260274e-01
   1.0276343e-01
   2.1204583e-01
   7.0160574e-01
   3.6135083e-01
   1.3957147e-03
   3.8430834e-01
   3.2014291e-01
   3.9334538e-01
   1.8125122e-01
   2.0937672e-01
   5.9372463e-01
   5.9446636e-01
   1.7247028e-01
   9.3300157e-01
   5.6216769e-02
   2.0172414e-01
   5.0825206e-01
   7.5921486e-01
   1.4605209e-01
   9.3107299e-01
   4.2194807e-01
   5.6498737e-02
   6.7420044e-01
   2.7980873e-01
   7.8008704e-01
   9.6284122e-01
   6.8824484e-01
   4.9842256e-01
   9.9032460e-02
   2.8775125e-01
   5.3811228e-01
   1.1330051e-02
   2.8284348e-01
   5.8957129e-01
   1.7204811e-01
   1.7009817e-01
   6.7634279e-01
   5.6959443e-01
   5.5167050e-01
   9.6744098e-01
   6.2842190e-01
   3.2454972e-01
   5.2101569e-01
   8.6493668e-01
   9.9410823e-01
   8.3848823e-01
   3.4739715e-01
   7.4940988e-01
   9.3941283e-01
   6.6808184e-01
   4.8120272e-01
   2.8616308e-01
   5.9515581e-01
   3.3640714e-01
   9.5955057e-01
   4.4207502e-01
   9.6199621e-01
   6.7638362e-01
   7.0607784e-01
   9.5769275e-01
   9.3987694e-01
   8.3375753e-01
   1.5524132e-01
   8.3043217e-01
   4.6414032e-01
   2.9868843e-01
   5.2330532e-01
   8.3163044e-01
   5.3913235e-01
   2.5983186e-01
   3.5403843e-01
   1.8673814e-01
   3.5065673e-01
   1.8971854e-01
   8.3569094e-01
   3.8415096e-01
   9.4997224e-03
   3.0902470e-01
   8.3674723e-01
   2.8133682e-01
   7.8134331e-01
   5.3151425e-01
   1.5391452e-01
   5.2525368e-01
   2.8323979e-01
   7.1486611e-01
   7.3438928e-01
   4.4963584e-01
   1.8207743e-01
   1.3554043e-01
   2.7277161e-01
   6.3564351e-01
   8.0618792e-01
   6.6787732e-01
   2.8658915e-01
   1.4244156e-01
   2.4587524e-01
   6.9189701e-01
   7.1746844e-02
   4.9866088e-01
   9.8599778e-01
   9.0490065e-01
   5.7520770e-01
   7.6651727e-01
   7.4676745e-01
   6.9533141e-01
   6.7731725e-01
   2.8239983e-01
   5.8186798e-01
   6.1887229e-01
   8.1423992e-01
   1.5987060e-02
   2.1435260e-01
   9.8786736e-01
   8.1733725e-01
   6.3208171e-01
   6.8214745e-01
   8.0821682e-01
   2.7966214e-01
   6.6496927e-01
   2.9324112e-02
   5.4438015e-01
   5.2897025e-01
   8.7316428e-01
   1.8760830e-01
   9.3146057e-01
   9.7635228e-01
   3.3120443e-01
   6.2370923e-01
   5.2706072e-01
   4.5908152e-01
   3.5856563e-01
   3.3426955e-01
   8.3195250e-02
   3.9040187e-01
   2.3934395e-01
   4.8627199e-01
   7.0009360e-01
   1.3727033e-01
   8.2646734e-01
   9.3005322e-01
   8.2873051e-01
   4.8495276e-01
   6.5976926e-01
   4.5640108e-01
   4.1846205e-01
   3.4296262e-02
   9.2684755e-01
   4.3380056e-02
   4.7606010e-01
   3.8574773e-01
   5.3405833e-01
   9.9816827e-01
   9.0247419e-01
   1.4755498e-02
   7.8051493e-01
   4.8528945e-01
   3.9021976e-01
   8.2309010e-01
   8.7441754e-01
   9.9835603e-01
   1.9566059e-01
   8.6996892e-01
   3.0749162e-01
   4.1123645e-01
   8.1634020e-01
   3.6825475e-01
   4.2621543e-01
   9.1216810e-02
   6.6749818e-01
   7.3130816e-01
   3.0081841e-01
   3.3799721e-01
   7.3432236e-01
   9.8545662e-01
   6.9877101e-01
   8.9931813e-02
   4.7073753e-01
   6.3536289e-01
   5.2526936e-01
   1.4133944e-01
   2.7551548e-01
   9.8710273e-01
   7.9499831e-01
   9.3333491e-01
   3.4837256e-01
   2.0913348e-01
   6.8036551e-01
   3.5542379e-01
   4.3837315e-01
   9.0877818e-01
   8.3358996e-01
   3.9138382e-01
   7.3397910e-01
   2.9066004e-01
   2.9213664e-01
   2.9679628e-01
   2.4842422e-02
   9.1784181e-01
   6.8603012e-01
   2.3427786e-01
   4.9735264e-01
   7.9058155e-01
   3.8023262e-01
   2.1858341e-01
   7.2266528e-01
   7.7283256e-01
   6.9328266e-01
   6.1967479e-01
   7.6230304e-01
   5.1148030e-01
   3.2940547e-01
   1.3440615e-03
   5.8064405e-01
   1.7183807e-01
   1.9490722e-01
   1.5032151e-01
   5.0541973e-01
   1.7386925e-02
   4.7120795e-01
   4.6077494e-02
   4.4226525e-01
   1.6355919e-01
   5.7209996e-01
   8.1832032e-01
   8.5341981e-02
   2.3283609e-01
   2.4604603e-01
   3.5193421e-01
   4.0908409e-01
   1.1424311e-01
   4.0721477e-01
   6.7593071e-01
   5.4302394e-01
   3.5712962e-01
   6.6159273e-01
   6.7870279e-01
   1.3156018e-01
   4.3961961e-01
   9.3719558e-01
   5.7022386e-01
   5.7763929e-01
   7.6460237e-01
   2.4695167e-01
   6.9385543e-01
   2.9486291e-01
   5.7070053e-01
   6.3480417e-01
   3.9889120e-01
   2.4888369e-01
   9.3533238e-01
   4.4890190e-01
   5.3178402e-01
   6.3483855e-01
   6.6812036e-01
   4.3901319e-01
   1.7298936e-01
   6.9438424e-01
   9.2492621e-01
   3.7060594e-01
   6.3878789e-01
   8.8967909e-01
   4.8294233e-01
   6.2981787e-01
   4.6501749e-01
   1.0917286e-01
   1.1311638e-01
   1.0789231e-01
   4.4573096e-01
   9.3884504e-01
   6.3381398e-01
   9.2966935e-01
   6.2876256e-02
   3.0693891e-01
