   5.3766714e-01
   1.8338850e+00
  -2.2588469e+00
   8.6217332e-01
   3.1876524e-01
  -1.3076883e+00
  -4.3359202e-01
   3.4262447e-01
   3.5783969e+00
   2.7694370e+00
  -1.3498869e+00
   3.0349235e+00
   7.2540422e-01
  -6.3054873e-02
   7.1474290e-01
  -2.0496606e-01
  -1.2414435e-01
   1.4896976e+00
   1.4090345e+00
   1.4171924e+00
   6.7149713e-01
  -1.2074869e+00
   7.1723865e-01
   1.6302353e+00
   4.8889377e-01
   1.0346930e+00
   7.2688513e-01
  -3.0344092e-01
   2.9387147e-01
  -7.8728280e-01
   8.8839563e-01
  -1.1470701e+00
  -1.0688705e+00
  -8.0949869e-01
  -2.9442842e+00
   1.4383803e+00
   3.2519054e-01
  -7.5492832e-01
   1.3702985e+00
  -1.7115164e+00
  -1.0224245e-01
  -2.4144704e-01
   3.1920674e-01
   3.1285860e-01
  -8.6487992e-01
  -3.0051296e-02
  -1.6487902e-01
   6.2770729e-01
   1.0932657e+00
   1.1092733e+00
  -8.6365282e-01
   7.7359091e-02
  -1.2141170e+00
  -1.1135007e+00
  -6.8493281e-03
   1.5326303e+00
  -7.6966591e-01
   3.7137881e-01
  -2.2558440e-01
   1.1173561e+00
  -1.0890643e+00
   3.2557464e-02
   5.5252702e-01
   1.1006102e+00
   1.5442119e+00
   8.5931133e-02
  -1.4915903e+00
  -7.4230184e-01
  -1.0615817e+00
   2.3504572e+00
  -6.1560188e-01
   7.4807678e-01
  -1.9241851e-01
   8.8861043e-01
  -7.6484924e-01
  -1.4022690e+00
  -1.4223759e+00
   4.8819391e-01
  -1.7737516e-01
  -1.9605349e-01
   1.4193102e+00
   2.9158437e-01
   1.9781105e-01
   1.5876991e+00
  -8.0446596e-01
   6.9662442e-01
   8.3508817e-01
  -2.4371514e-01
   2.1567009e-01
  -1.1658439e+00
  -1.1479528e+00
   1.0487472e-01
   7.2225403e-01
   2.5854913e+00
  -6.6689067e-01
   1.8733102e-01
  -8.2494425e-02
  -1.9330229e+00
  -4.3896615e-01
  -1.7946788e+00
   8.4037553e-01
  -8.8803208e-01
   1.0009283e-01
  -5.4452893e-01
   3.0352079e-01
  -6.0032656e-01
   4.8996532e-01
   7.3936312e-01
   1.7118878e+00
  -1.9412354e-01
  -2.1383553e+00
  -8.3958875e-01
   1.3545943e+00
  -1.0721553e+00
   9.6095387e-01
   1.2404980e-01
   1.4366966e+00
  -1.9609000e+00
  -1.9769823e-01
  -1.2078455e+00
   2.9080080e+00
   8.2521889e-01
   1.3789720e+00
  -1.0581803e+00
  -4.6861558e-01
  -2.7246941e-01
   1.0984246e+00
  -2.7787193e-01
   7.0154146e-01
  -2.0518163e+00
  -3.5385000e-01
  -8.2358653e-01
  -1.5770570e+00
   5.0797465e-01
   2.8198406e-01
   3.3479882e-02
  -1.3336779e+00
   1.1274923e+00
   3.5017941e-01
  -2.9906603e-01
   2.2889793e-02
  -2.6199543e-01
  -1.7502124e+00
  -2.8565097e-01
  -8.3136651e-01
  -9.7920631e-01
  -1.1564017e+00
  -5.3355711e-01
  -2.0026357e+00
   9.6422942e-01
   5.2006010e-01
  -2.0027852e-02
  -3.4771086e-02
  -7.9816358e-01
   1.0186853e+00
  -1.3321748e-01
  -7.1453016e-01
   1.3513858e+00
  -2.2477106e-01
  -5.8902903e-01
  -2.9375360e-01
  -8.4792624e-01
  -1.1201283e+00
   2.5259997e+00
   1.6554976e+00
   3.0753516e-01
  -1.2571184e+00
  -8.6546803e-01
  -1.7653411e-01
   7.9141606e-01
  -1.3320044e+00
  -2.3298672e+00
  -1.4490973e+00
   3.3351083e-01
   3.9135360e-01
   4.5167942e-01
  -1.3028465e-01
   1.8368910e-01
  -4.7615302e-01
   8.6202161e-01
  -1.3616945e+00
   4.5502956e-01
  -8.4870938e-01
  -3.3488694e-01
   5.5278335e-01
   1.0390907e+00
  -1.1176387e+00
   1.2606587e+00
   6.6014314e-01
  -6.7865554e-02
  -1.9522120e-01
  -2.1760635e-01
  -3.0310762e-01
   2.3045624e-02
   5.1290356e-02
   8.2606279e-01
   1.5269767e+00
   4.6691444e-01
  -2.0971334e-01
   6.2519036e-01
   1.8322726e-01
  -1.0297675e+00
   9.4922183e-01
   3.0706192e-01
   1.3517494e-01
   5.1524634e-01
   2.6140632e-01
  -9.4148577e-01
  -1.6233767e-01
  -1.4605463e-01
  -5.3201138e-01
   1.6821036e+00
  -8.7572935e-01
  -4.8381505e-01
  -7.1200455e-01
  -1.1742123e+00
  -1.9223952e-01
  -2.7407023e-01
   1.5300725e+00
  -2.4902474e-01
  -1.0642134e+00
   1.6034573e+00
   1.2346791e+00
  -2.2962645e-01
  -1.5061597e+00
  -4.4462782e-01
  -1.5594104e-01
   2.7606825e-01
  -2.6116365e-01
   4.4342191e-01
   3.9189421e-01
  -1.2506789e+00
  -9.4796092e-01
  -7.4110609e-01
  -5.0781755e-01
  -3.2057551e-01
   1.2469041e-02
  -3.0291773e+00
  -4.5701464e-01
   1.2424484e+00
  -1.0667014e+00
   9.3372816e-01
   3.5032100e-01
  -2.9005764e-02
   1.8245217e-01
  -1.5650560e+00
  -8.4539480e-02
   1.6039464e+00
   9.8347775e-02
   4.1373613e-02
  -7.3416911e-01
  -3.0813730e-02
   2.3234701e-01
   4.2638756e-01
  -3.7280874e-01
  -2.3645458e-01
   2.0236909e+00
  -2.2583540e+00
   2.2294457e+00
   3.3756370e-01
   1.0000608e+00
  -1.6641645e+00
  -5.9003456e-01
  -2.7806416e-01
   4.2271569e-01
  -1.6702007e+00
   4.7163433e-01
  -1.2128472e+00
   6.6190048e-02
   6.5235589e-01
   3.2705997e-01
   1.0826335e+00
   1.0060771e+00
  -6.5090774e-01
   2.5705616e-01
  -9.4437781e-01
  -1.3217885e+00
   9.2482593e-01
   4.9849075e-05
  -5.4918915e-02
   9.1112727e-01
   5.9458370e-01
   3.5020117e-01
   1.2502512e+00
   9.2978946e-01
   2.3976326e-01
  -6.9036110e-01
  -6.5155364e-01
   1.1921019e+00
  -1.6118304e+00
  -2.4461937e-02
  -1.9488472e+00
   1.0204980e+00
   8.6171630e-01
   1.1620835e-03
  -7.0837213e-02
  -2.4862839e+00
   5.8117232e-01
  -2.1924349e+00
  -2.3192803e+00
   7.9933710e-02
  -9.4848098e-01
   4.1149062e-01
   6.7697781e-01
   8.5773255e-01
  -6.9115913e-01
   4.4937762e-01
   1.0063335e-01
   8.2607000e-01
   5.3615708e-01
   8.9788843e-01
  -1.3193787e-01
  -1.4720146e-01
   1.0077734e+00
  -2.1236555e+00
  -5.0458641e-01
  -1.2705944e+00
  -3.8258480e-01
   6.4867926e-01
   8.2572715e-01
  -1.0149436e+00
  -4.7106991e-01
   1.3702487e-01
  -2.9186338e-01
   3.0181856e-01
   3.9993094e-01
  -9.2996156e-01
  -1.7683027e-01
  -2.1320946e+00
   1.1453617e+00
  -6.2909076e-01
  -1.2038500e+00
  -2.5394468e-01
  -1.4286469e+00
  -2.0857618e-02
  -5.6066500e-01
   2.1777787e+00
   1.1384654e+00
  -2.4968865e+00
   4.4132693e-01
  -1.3981379e+00
  -2.5505518e-01
   1.6440407e-01
   7.4773403e-01
  -2.7304695e-01
   1.5763001e+00
  -4.8093715e-01
   3.2751212e-01
   6.6473412e-01
   8.5188593e-02
   8.8095279e-01
   3.2321314e-01
  -7.8414618e-01
  -1.8053734e+00
   1.8585929e+00
  -6.0453009e-01
   1.0335972e-01
   5.6316696e-01
   1.1359700e-01
  -9.0472621e-01
  -4.6771458e-01
  -1.2488995e-01
   1.4789585e+00
  -8.6081569e-01
   7.8466847e-01
   3.0862314e-01
  -2.3386004e-01
  -1.0569727e+00
  -2.8414095e-01
  -8.6690282e-02
  -1.4693951e+00
   1.9218224e-01
  -8.2229328e-01
  -9.4240588e-02
   3.3621334e-01
  -9.0465406e-01
  -2.8825636e-01
   3.5006276e-01
  -1.8358591e+00
   1.0359759e+00
   2.4244611e+00
   9.5940051e-01
  -3.1577200e-01
   4.2862268e-01
  -1.0359848e+00
   1.8778655e+00
   9.4070440e-01
   7.8734578e-01
  -8.7587426e-01
   3.1994913e-01
  -5.5829428e-01
  -3.1142942e-01
  -5.7000992e-01
  -1.0257336e+00
  -9.0874559e-01
  -2.0989733e-01
  -1.6988641e+00
   6.0760058e-01
  -1.1779829e-01
   6.9916033e-01
   2.6964864e-01
   4.9428706e-01
  -1.4831210e+00
  -1.0202644e+00
  -4.4699501e-01
   1.0965859e-01
   1.1287365e+00
  -2.8996304e-01
   1.2615507e+00
   4.7542481e-01
   1.1741168e+00
   1.2694707e-01
  -6.5681593e-01
  -1.4813991e+00
   1.5548900e-01
   8.1855137e-01
  -2.9258813e-01
  -5.4078642e-01
  -3.0864182e-01
  -1.0965933e+00
  -4.9300982e-01
  -1.8073936e-01
   4.5841106e-02
  -6.3783120e-02
   6.1133519e-01
   1.0931769e-01
   1.8140155e+00
   3.1202383e-01
   1.8044938e+00
  -7.2312148e-01
   5.2654704e-01
  -2.6025086e-01
   6.0014251e-01
   5.9393080e-01
  -2.1860216e+00
  -1.3270431e+00
  -1.4410136e+00
   4.0184450e-01
   1.4702013e+00
  -3.2681423e-01
   8.1232300e-01
   5.4554010e-01
  -1.0516323e+00
   3.9746700e-01
  -7.5189474e-01
   1.5162669e+00
  -3.2566509e-02
   1.6359997e+00
  -4.2505849e-01
   5.8943337e-01
  -6.2791226e-02
  -2.0219589e+00
  -9.8213153e-01
   6.1251130e-01
  -5.4886130e-02
  -1.1187320e+00
  -6.2637854e-01
   2.4951774e-01
  -9.9301901e-01
   9.7495022e-01
  -6.4070951e-01
   1.8088626e+00
  -1.0798663e+00
   1.9918944e-01
  -1.5210266e+00
  -7.2363113e-01
  -5.9325032e-01
   4.0133634e-01
   9.4213332e-01
   3.0048597e-01
  -3.7307066e-01
   8.1548851e-01
   7.9888699e-01
   1.2020528e-01
   5.7124763e-01
   4.1279601e-01
  -9.8696188e-01
   7.5956833e-01
  -6.5720130e-01
  -6.0391848e-01
   1.7694682e-01
  -3.0750347e-01
  -1.3182035e-01
   5.9535767e-01
   1.0468328e+00
  -1.9795863e-01
   3.2767816e-01
  -2.3830150e-01
   2.2959689e-01
   4.3999790e-01
  -6.1686593e-01
   2.7483679e-01
   6.0110203e-01
   9.2307951e-02
   1.7298414e+00
  -6.0855744e-01
  -7.3705977e-01
  -1.7498793e+00
   9.1048258e-01
   8.6708255e-01
  -7.9892839e-02
   8.9847599e-01
   1.8370342e-01
   2.9079013e-01
   1.1294472e-01
   4.3995219e-01
   1.0166244e-01
   2.7873352e+00
  -1.1666650e+00
  -1.8542991e+00
  -1.1406811e+00
  -1.0933435e+00
  -4.3360930e-01
  -1.6846988e-01
  -2.1853356e-01
   5.4133444e-01
   3.8926620e-01
   7.5122898e-01
   1.7782559e+00
   1.2230626e+00
  -1.2832561e+00
  -2.3289545e+00
   9.0193147e-01
  -1.8356387e+00
   6.6756911e-02
   3.5479486e-02
   2.2271681e+00
  -6.9214254e-02
  -5.0732306e-01
   2.3580967e-01
   2.4580485e-01
   7.0045209e-02
  -6.0858051e-01
  -1.2225934e+00
   3.1650036e-01
  -1.3428692e+00
  -1.0321843e+00
   1.3312159e+00
  -4.1890320e-01
  -1.4032172e-01
   8.9982233e-01
  -3.0011101e-01
   1.0293657e+00
  -3.4506597e-01
   1.0128019e+00
   6.2933458e-01
  -2.1301508e-01
  -8.6569731e-01
  -1.0431083e+00
  -2.7006881e-01
  -4.3814136e-01
  -4.0867431e-01
   9.8354524e-01
  -2.9769714e-01
   1.1436789e+00
  -5.3162012e-01
   9.7256573e-01
  -5.2225048e-01
   1.7657779e-01
   9.7073782e-01
  -4.1397227e-01
  -4.3827052e-01
   2.0033906e+00
   9.5099350e-01
  -4.3200384e-01
   6.4894074e-01
  -3.6007630e-01
   7.0588502e-01
   1.4158491e+00
  -1.6045157e+00
   1.0288531e+00
   1.4579678e+00
   4.7471323e-02
   1.7462567e+00
   1.5538751e-01
  -1.2371197e+00
  -2.1934943e+00
  -3.3340707e-01
   7.1354330e-01
   3.1740773e-01
   4.1361039e-01
  -5.7708558e-01
   1.4400180e-01
  -1.6386657e+00
  -7.6009000e-01
  -8.1879310e-01
   5.1972889e-01
  -1.4160059e-02
  -1.1555294e+00
  -9.5249161e-03
  -6.8981054e-01
  -6.6669915e-01
   8.6414942e-01
   1.1341944e-01
   3.9836285e-01
   8.8396989e-01
   1.8025769e-01
   5.5085452e-01
   6.8296428e-01
   1.1706087e+00
   4.7586059e-01
   1.4122327e+00
   2.2608484e-02
  -4.7869410e-02
   1.7013347e+00
  -5.0971171e-01
  -2.8549601e-03
   9.1986708e-01
   1.4980873e-01
   1.4049334e+00
   1.0341215e+00
   2.9157029e-01
  -7.7769854e-01
   5.6669610e-01
  -1.3826212e+00
   2.4447468e-01
   8.0843880e-01
   2.1304170e-01
   8.7967716e-01
   2.0388763e+00
   9.2393245e-01
   2.6691745e-01
   6.4166151e-01
   4.2548536e-01
  -1.3147235e+00
  -4.1641122e-01
   1.2246878e+00
  -4.3584206e-02
   5.8242328e-01
  -1.0065001e+00
   6.4516742e-02
   6.0029195e-01
  -1.3615150e+00
   3.4759263e-01
  -1.8184322e-01
  -9.3953477e-01
  -3.7533189e-02
  -1.8963045e+00
  -2.1279768e+00
  -1.1769233e+00
  -9.9053222e-01
  -1.1730323e+00
  -1.7254278e+00
   2.8822809e-01
  -1.5941837e+00
   1.1021885e-01
   7.8706668e-01
  -2.2267863e-03
   9.3108760e-02
  -3.7815706e-01
  -1.4826761e+00
  -4.3818585e-02
   9.6082521e-01
   1.7382449e+00
  -4.3020624e-01
  -1.6273227e+00
   1.6634749e-01
   3.7626591e-01
  -2.2695046e-01
  -1.1489123e+00
   2.0243326e+00
  -2.3595235e+00
  -5.0997205e-01
  -1.3216256e+00
  -6.3612825e-01
   3.1785142e-01
   1.3804797e-01
  -7.1073507e-01
   7.7700353e-01
   6.2239392e-01
   6.4738088e-01
  -4.2563168e-01
   1.0485808e+00
   6.6070709e-01
   2.5087725e+00
   1.0634596e+00
   1.1569217e+00
   5.2978827e-02
  -1.2883860e+00
  -3.7122125e-01
  -7.5779192e-01
  -5.6396892e-01
   5.5513856e-01
  -5.5677806e-01
  -8.9511314e-01
  -4.0932772e-01
  -1.6088677e-01
   4.0933443e-01
  -9.5263600e-01
   3.1731747e-01
   7.8020081e-02
   1.3243854e+00
  -2.1317049e-01
  -1.3447864e-01
  -1.1713558e+00
  -1.3852627e+00
   3.1050832e-01
  -2.4948906e-01
   5.0374406e-01
  -8.9266140e-01
   1.9085123e+00
   1.2223070e-01
   1.0470333e+00
  -2.2692020e-01
  -1.6250194e-01
   6.9005190e-01
   5.5575677e-01
  -1.1202550e+00
  -1.5326930e+00
  -1.0978678e+00
  -1.4157733e+00
   5.9570589e-02
  -4.1125093e-01
  -3.6801073e-01
  -1.3609631e+00
   7.7956743e-01
   4.3941111e-01
  -8.9622484e-02
   1.0211801e+00
  -8.7397947e-01
   4.1470029e-01
   3.4844120e-01
   3.4925442e-01
  -7.2924727e-01
   3.2684025e-01
  -5.1488163e-01
  -8.9644615e-01
  -1.2032682e+00
   1.0378156e+00
  -8.4594421e-01
  -1.7291384e-01
  -1.2086521e+00
  -2.9712680e-01
  -3.2320378e+00
  -1.0869592e+00
  -1.4264362e+00
  -1.0144508e+00
  -2.1326719e-01
  -3.2534778e-01
   1.9443978e+00
  -5.7177322e-01
  -2.5003228e-01
  -1.5693155e+00
  -4.7738266e-01
  -1.3379767e+00
   3.0299024e-02
   8.5308677e-01
   4.0425347e-01
  -7.0062021e-01
  -1.6305429e+00
   1.4600132e+00
   2.0500427e+00
   1.2050060e-01
  -9.8990160e-01
   1.1977715e+00
  -5.9265622e-01
  -4.6980936e-01
   8.8637738e-01
  -1.3852198e+00
  -1.9567540e+00
   4.2068370e-01
   4.0073800e-01
   9.5142158e-02
   4.9668439e-01
   1.0822406e+00
   9.7044779e-01
  -5.6856957e-01
   8.0997207e-01
   1.7324737e-01
  -5.0554257e-01
  -1.1933058e+00
   6.4697094e-01
  -3.5362260e-01
   4.6434527e-02
  -7.9294750e-01
  -1.5505145e+00
   1.7158636e-01
  -6.2139125e-02
   1.1990279e+00
   8.0170407e-01
   1.0533046e+00
  -7.4887675e-01
  -9.3632650e-01
  -1.2690868e+00
   4.9798062e-01
   2.7890811e+00
   7.2757204e-01
  -7.7306410e-01
   8.3663375e-01
  -1.1283303e+00
  -1.4244701e+00
   7.1744232e-01
  -7.7790552e-01
   3.1598588e-01
   1.4065351e+00
   4.0112464e-01
   9.2966028e-01
  -1.6058022e+00
   6.6153624e-01
   2.1385023e+00
   5.4113941e-01
  -1.5408772e+00
  -2.0314279e-01
  -4.9996522e-01
   3.8302391e-01
   4.1203538e-01
   4.0549255e-01
  -3.6378075e-01
  -5.9927204e-01
  -5.8958899e-01
   8.5354083e-01
  -1.8530081e+00
  -2.0730316e-01
   2.7037820e-01
  -6.5277101e-01
   4.7722729e-01
  -7.1319650e-02
  -9.3830129e-01
   1.6136353e-01
  -2.6818288e-01
  -4.0987265e-01
  -7.1132271e-01
   6.1445484e-02
  -1.8461292e+00
  -3.9833312e-01
  -5.4354812e-01
  -9.1189850e-01
   6.5269859e-01
  -7.3427126e-01
   5.4063309e-01
   9.7584088e-01
  -1.5687041e-01
   2.7779932e-01
   6.3951730e-01
  -8.0978015e-02
   5.4087014e-01
  -1.2625648e+00
   1.1104238e+00
  -9.8956268e-01
  -1.8288359e+00
   1.3844985e+00
  -6.2726794e-02
   4.4892112e-01
  -3.6325847e-01
  -1.0205834e+00
  -3.0729885e+00
   6.2627900e-01
  -2.8668453e-01
  -1.9734291e-01
   4.0560537e-01
  -1.4193485e+00
  -7.2944524e-01
   1.1473278e+00
   5.9786463e-01
  -1.2812813e+00
  -2.2032642e+00
  -5.7124632e-01
   2.1399648e-01
   9.4237693e-01
   9.3725491e-02
  -1.1223117e+00
   3.0615782e-01
  -1.1723349e+00
  -9.6096656e-01
  -6.5373502e-01
  -1.2293936e+00
  -2.7096513e-01
  -8.9995007e-01
  -2.8568614e-01
  -4.6242154e-01
  -4.0978521e-01
  -5.0353898e-01
   1.2332971e+00
   6.1030522e-01
   5.9072155e-02
  -1.4669467e+00
  -1.6258033e+00
  -1.9647524e+00
   2.6051958e+00
   9.7237481e-01
   2.5698097e-01
  -9.7424046e-01
  -1.1463644e+00
   5.4763950e-01
   1.5650840e+00
  -1.6933437e+00
  -4.4939736e-01
  -8.4292073e-02
  -1.9919972e+00
   8.4124567e-01
  -4.1465892e-01
   1.9121808e+00
  -3.9089873e-01
   4.0918208e-01
  -1.1424282e+00
  -6.2486378e-01
  -1.1687228e+00
   3.9257528e-01
   1.3018395e+00
  -5.9364176e-01
   4.3637539e-01
  -5.0436248e-01
   1.0210771e-01
   1.1962505e+00
   1.2028282e-01
  -1.0368434e+00
  -8.5710324e-01
  -1.6987430e-01
  -1.9166828e-01
  -8.6581521e-01
   1.8066413e-01
   1.2665285e+00
  -2.5116929e-01
  -2.0457005e-01
  -2.2015219e+00
  -7.7451310e-01
  -1.3932726e+00
  -3.8623465e-01
   5.2558635e-01
   1.5232693e+00
   1.7984945e+00
  -1.1688427e-01
  -3.2019619e-01
   8.1751628e-01
   4.9015919e-01
   7.6525116e-01
   7.7827905e-01
  -1.4803052e+00
   5.4036396e-01
  -9.1539022e-02
  -7.6025238e-01
  -6.9359544e-01
   1.2814578e+00
  -8.0973761e-01
  -1.2368184e+00
   2.1468645e-01
   2.0107718e+00
   2.5554433e-02
   3.0829944e-01
  -9.3824721e-01
   1.6742160e+00
   1.2498817e-01
   5.3010126e-01
  -9.5206822e-01
   8.5404282e-01
   3.8914573e-01
  -1.1560011e+00
   3.9740127e-02
  -4.5059860e-01
   1.0924794e-01
  -2.5055284e-01
  -1.8990165e-01
  -1.0329135e+00
  -3.2329192e-01
   7.6652685e-01
   1.7446732e+00
  -1.1605199e+00
   2.3774119e+00
   1.5260780e+00
   1.6850750e-01
  -3.0120653e-01
  -6.9865427e-01
   8.3277058e-01
  -6.9460525e-01
  -4.6188299e-01
   8.8361714e-01
   4.3594418e-01
   8.9674736e-01
   5.0473203e-01
  -4.0089714e-01
  -5.1384801e-01
   7.9636760e-01
  -6.7119016e-01
   1.1866590e+00
   7.9070197e-01
   2.8772149e-01
   3.2261146e-03
   3.6561719e-01
   3.5266778e+00
  -1.1243666e-01
  -1.5565939e+00
   1.9151023e+00
   6.0984605e-01
  -6.4791162e-01
   2.6173349e+00
   5.5095042e-01
   2.9420368e-01
  -7.7784380e-01
  -1.0649301e+00
  -1.7684140e+00
  -4.2291954e-01
  -1.0531024e+00
   6.4775524e-01
  -3.1762819e-01
   1.7689916e+00
   1.5105824e+00
   1.6401032e-01
  -2.8276371e-01
   1.1521658e+00
  -1.1465076e+00
