  -1.8531234e-01
   3.0589325e-01
   2.0660763e-01
   1.8956206e-01
   4.5717086e-02
   3.3924175e-01
   2.9179730e-01
   3.1999130e-01
   3.3605528e-01
   3.4906741e-01
   6.3323245e-01
   3.5656593e-01
   2.5588349e-01
   8.5549463e-01
   6.1513801e-01
   5.1419238e-01
   7.2173329e-01
   5.8739998e-01
   6.0484125e-01
   7.6330740e-01
   3.0464982e-01
   8.0539932e-01
   7.9392138e-01
   9.0685432e-01
   7.8676831e-01
   9.9212645e-01
   7.2318469e-01
   7.6931387e-01
   9.2789326e-01
   8.1196018e-01
   7.4348935e-01
   9.5095713e-01
   1.0750642e+00
   9.4166137e-01
   9.9081545e-01
   1.3049272e+00
   1.3095344e+00
   9.2718677e-01
   1.0651952e+00
   1.2264066e+00
   1.5623909e+00
   9.9996689e-01
   8.3458974e-01
   9.1866261e-01
   8.0103668e-01
   9.5289080e-01
   1.1399649e+00
   1.1243711e+00
   8.1438280e-01
   8.7605979e-01
   8.1053143e-01
   1.1720126e+00
   6.2073875e-01
   1.0866888e+00
   5.5248015e-01
   8.5313885e-01
   6.8804197e-01
   6.4559088e-01
   8.3791734e-01
   5.9624953e-01
   7.4307081e-01
   6.5073574e-01
   5.3341296e-01
   6.5457169e-01
   4.1468660e-01
   5.8107186e-01
   3.4962689e-01
   3.5328007e-01
   4.4690027e-01
   3.3520736e-01
   2.7217828e-01
   1.6365371e-01
   2.0292215e-01
   2.0716338e-01
   2.7246392e-01
   2.7812255e-01
  -5.1772274e-02
  -1.7223983e-01
   1.3476396e-01
  -1.6328322e-01
  -1.6495346e-01
   5.5781275e-02
  -2.7973081e-01
  -2.1853769e-03
  -3.9748418e-01
  -4.1247609e-01
  -4.9919896e-01
  -4.9889904e-01
  -4.6166675e-01
  -3.0812619e-01
  -5.1874657e-01
  -4.6899829e-01
  -6.5736923e-01
  -3.8165250e-01
  -4.5404131e-01
  -6.3862462e-01
  -4.8480977e-01
  -7.1172414e-01
  -8.6146020e-01
  -8.0694781e-01
  -5.6588879e-01
  -8.1026446e-01
  -7.6580048e-01
  -7.2607865e-01
  -8.5699204e-01
  -8.1011582e-01
  -7.5355204e-01
  -1.0357241e+00
  -8.5292511e-01
  -8.9114508e-01
  -1.1215258e+00
  -1.0981089e+00
  -1.0051855e+00
  -5.0951207e-01
  -9.5215688e-01
  -1.1173636e+00
  -1.0304376e+00
  -5.2544004e-01
  -9.3783298e-01
  -8.4292098e-01
  -1.0204383e+00
  -8.8411197e-01
  -1.0894483e+00
  -7.1055561e-01
  -8.1785124e-01
  -1.3065198e+00
  -7.8118125e-01
  -9.8522351e-01
  -9.9284232e-01
  -8.8359996e-01
  -9.5859807e-01
  -8.1977605e-01
  -1.0789686e+00
  -9.1095822e-01
  -8.1054902e-01
  -6.7544331e-01
  -7.0299989e-01
  -8.1791790e-01
  -8.3485364e-01
  -1.0896565e+00
  -6.8279035e-01
  -5.2709480e-01
  -2.3528874e-01
  -5.6564860e-01
  -5.4781482e-01
  -5.0259892e-01
  -3.8625009e-01
  -3.7015583e-01
  -2.4461995e-01
  -5.5652863e-01
  -4.1763673e-01
  -1.5153366e-01
  -1.0956465e-01
  -1.5419797e-01
  -3.0413169e-01
  -9.2900936e-02
  -3.3453827e-01
  -7.8455427e-02
   1.9401637e-01
  -9.3338628e-02
  -1.5569998e-01
   1.7128457e-01
   1.4776804e-01
   2.5182653e-01
   1.8880950e-01
   3.4835898e-01
   7.3633057e-02
   5.3838519e-01
   5.6948218e-01
   3.8932278e-01
   4.9353725e-01
   5.5397842e-01
   6.1499458e-01
   5.1447928e-01
   5.4353669e-01
   5.1256241e-01
   2.6846637e-01
   7.2300751e-01
   5.8620520e-01
   8.3938630e-01
   6.6024537e-01
   7.8788557e-01
   9.8895543e-01
   1.1003264e+00
   8.6597134e-01
   7.4287899e-01
   8.8333814e-01
   5.6015863e-01
   9.2461217e-01
   9.9742161e-01
   9.9434179e-01
   1.0880226e+00
   1.0120374e+00
   1.2866306e+00
   9.6214305e-01
   1.1146139e+00
   1.0268369e+00
   1.0559810e+00
   8.6488538e-01
   1.0296546e+00
   7.2512511e-01
   1.0596276e+00
   9.5075827e-01
   8.5873547e-01
   7.0529531e-01
   1.2141296e+00
   1.0172093e+00
   9.4006249e-01
   1.1326509e+00
   7.9063629e-01
   7.0811368e-01
   6.7019124e-01
   1.0139991e+00
   7.1569032e-01
   7.7026357e-01
   8.7039795e-01
   7.4580477e-01
   3.9846143e-01
   4.2446909e-01
   5.0242209e-01
   9.1136761e-01
   5.6180869e-01
   6.9683208e-01
   3.1517216e-01
   5.7081859e-01
   1.3778291e-01
   2.6446444e-01
   3.0204344e-01
   2.7137793e-01
   2.8030372e-01
   4.2063309e-01
   2.2351296e-01
   5.0623612e-02
   3.2216870e-01
   7.1030109e-02
  -3.0221542e-02
   1.0320325e-01
   2.1276664e-02
  -7.6000044e-02
  -2.5959198e-01
  -1.0974102e-01
  -6.7815514e-01
  -3.5278499e-01
  -2.8713185e-01
  -1.9031536e-01
  -5.6014471e-01
  -2.1052258e-01
  -7.3398699e-01
  -3.8346430e-01
  -5.5976929e-01
  -4.5154896e-01
  -5.1543953e-01
  -8.1485331e-01
  -3.5379295e-01
  -7.3107472e-01
  -8.1456337e-01
  -6.4373288e-01
  -6.8210271e-01
  -8.9901743e-01
  -4.5235022e-01
  -8.6713225e-01
  -7.7384346e-01
  -9.8469715e-01
  -8.6901423e-01
  -7.5217213e-01
  -8.7185664e-01
  -1.1482296e+00
  -8.4768122e-01
  -1.0379770e+00
  -1.2307654e+00
  -8.4479145e-01
  -1.1317839e+00
  -1.3539557e+00
  -1.0102815e+00
  -9.7560925e-01
  -1.1577686e+00
  -7.4076620e-01
  -1.0588540e+00
  -8.8783621e-01
  -8.2500817e-01
  -9.6748975e-01
  -1.2829821e+00
  -9.9586634e-01
  -8.9159352e-01
  -8.8104864e-01
  -9.3772009e-01
  -8.9367238e-01
  -8.3490229e-01
  -8.2359711e-01
  -5.2391825e-01
  -8.5082079e-01
  -1.0605810e+00
  -8.3701491e-01
  -6.7269606e-01
  -6.7170546e-01
  -8.0443091e-01
  -5.2955324e-01
  -8.5640522e-01
  -6.1057283e-01
  -7.3207238e-01
  -3.2299129e-01
  -6.8197192e-01
  -3.8879082e-01
  -6.1504279e-01
  -5.2523748e-01
  -2.8865650e-01
  -1.6562759e-01
  -9.4763347e-02
  -1.6409608e-01
  -1.8203412e-01
  -2.9414250e-01
  -7.5866999e-02
  -4.9192587e-02
   1.9163292e-02
   1.2940999e-01
   6.8812758e-02
  -1.4711667e-01
   1.3975486e-01
   1.7997936e-01
   1.5112710e-01
   2.3708653e-01
   3.0769965e-01
   3.7830273e-01
   2.3197511e-01
   6.7037185e-01
   6.2812480e-01
   3.3615095e-01
   6.8488377e-01
   4.1021883e-01
   4.3387010e-01
   3.9122761e-01
   6.1485526e-01
   2.8169821e-01
   4.1411225e-01
   7.1810068e-01
   7.4310894e-01
   1.0335649e+00
   7.2221634e-01
   5.8750999e-01
   7.5020195e-01
   9.7713017e-01
   8.8930254e-01
   6.0336159e-01
   1.0019095e+00
   8.5491112e-01
   9.0727724e-01
   1.1397928e+00
   9.1139791e-01
   1.1524333e+00
   1.2072166e+00
   9.8427819e-01
   9.6493850e-01
   1.1209636e+00
   7.8070662e-01
   9.1250360e-01
   8.5039261e-01
   1.0335774e+00
   8.8334428e-01
   9.1832922e-01
   8.5920476e-01
   1.0498135e+00
   8.7617842e-01
   6.4719975e-01
   9.5379087e-01
   1.0274410e+00
   9.7303577e-01
   1.1125843e+00
   1.1647860e+00
   6.5833087e-01
   8.3385939e-01
   1.0676101e+00
   9.3715544e-01
   9.3206572e-01
   1.0065067e+00
   5.7964508e-01
   4.0088270e-01
   3.7796915e-01
   8.6982690e-01
   6.6851889e-01
   3.8108897e-01
   5.2793798e-01
   1.4294665e-01
   5.7442188e-01
   8.7813877e-02
   1.9835086e-01
   6.1740724e-01
   1.1564943e-01
   1.4641821e-02
   2.5154735e-01
   2.5364573e-02
   8.0555214e-02
  -1.3609178e-01
   3.1431225e-02
  -1.6487692e-01
  -2.2909786e-01
  -1.4503291e-01
  -5.6616323e-03
  -2.7519833e-01
  -2.4954302e-01
   2.0305801e-02
  -2.2527180e-01
  -4.0401712e-01
  -2.1539367e-01
  -4.2035988e-01
  -2.3191918e-01
  -4.8934890e-01
  -1.8082258e-01
  -4.6437420e-01
  -7.8422239e-01
  -7.4604026e-01
  -5.1356140e-01
  -4.0978274e-01
  -7.8649935e-01
  -6.7615242e-01
  -6.6625823e-01
  -1.0089028e+00
  -6.9590372e-01
  -4.4791111e-01
  -8.6866818e-01
  -4.3578806e-01
  -8.5901860e-01
  -6.4625312e-01
  -1.1493584e+00
  -1.0490650e+00
  -6.9400981e-01
  -9.0758933e-01
  -6.7281140e-01
  -7.0485616e-01
  -1.2170998e+00
  -9.6074906e-01
  -1.0986001e+00
  -8.9018773e-01
  -1.0086436e+00
  -1.0098847e+00
  -1.0826500e+00
  -6.3526753e-01
  -7.1098617e-01
  -6.1940410e-01
  -1.0823978e+00
  -1.0436767e+00
  -1.3388394e+00
  -7.6751401e-01
  -9.1451877e-01
  -7.4022344e-01
  -8.5704639e-01
  -6.3104241e-01
  -1.2862622e+00
  -8.1786374e-01
  -6.8220184e-01
  -6.5595297e-01
  -9.0308467e-01
  -7.2295804e-01
  -6.9168427e-01
  -5.9480387e-01
  -6.4097933e-01
  -8.4989676e-01
  -6.1526913e-01
  -6.6911608e-01
  -8.1314165e-01
  -3.8864148e-01
  -3.7314746e-01
  -2.5994070e-01
  -3.8533871e-01
  -2.7361652e-02
  -2.1551658e-01
  -3.0473954e-01
  -3.3668434e-01
  -2.2543703e-01
  -1.1603964e-01
  -1.5041724e-01
   2.0584546e-01
  -5.7595170e-02
   1.6666043e-02
   1.7782006e-01
   3.8042053e-01
   1.3390423e-01
   3.5454367e-01
   3.1367538e-02
   2.6824694e-01
   4.6777662e-02
   5.1322160e-01
   3.6599615e-01
   5.3744156e-01
   5.8480894e-01
   4.3355523e-01
   3.4682183e-01
   5.5089718e-01
   5.8894391e-01
   8.4532830e-01
   1.0232652e+00
   6.0555921e-01
   4.7975819e-01
   9.0700175e-01
   9.2465874e-01
   8.3169087e-01
   6.6893520e-01
   8.9673944e-01
   9.8609046e-01
   6.9436566e-01
   8.4952533e-01
   9.6027493e-01
   7.5165699e-01
   9.0819340e-01
   8.3903462e-01
   8.9747491e-01
   9.7005228e-01
   9.6496646e-01
   1.0830616e+00
   1.0081582e+00
   8.9845564e-01
   8.1002689e-01
   7.6373111e-01
   8.9762009e-01
   8.1412035e-01
   1.2025770e+00
   8.1422144e-01
   9.5011250e-01
   9.6193165e-01
   1.0178221e+00
   9.4237633e-01
   9.2734314e-01
   7.3376192e-01
   9.6962443e-01
   9.4734519e-01
   9.9548489e-01
   8.7921322e-01
   9.7384857e-01
   9.2557478e-01
   9.6828308e-01
   1.0054832e+00
   8.1382015e-01
   6.2516636e-01
   5.4044054e-01
   4.3565454e-01
   3.5705174e-01
   4.4395862e-01
   4.0962554e-01
   6.5729793e-01
   3.1697796e-01
   4.1715019e-01
   3.7570380e-01
   2.0789881e-01
   3.7058483e-01
   3.4732955e-01
   3.4623902e-01
   2.1191091e-01
   1.2479171e-02
   5.4963760e-02
   1.8831345e-01
  -1.4770539e-01
  -4.6734634e-02
  -1.4711521e-02
   4.7238529e-03
  -2.4029414e-01
  -2.2406581e-01
  -1.2767824e-02
  -3.5488351e-01
  -6.4957972e-02
  -2.2838186e-01
  -3.0168267e-01
  -3.7413679e-01
  -4.7495876e-01
  -4.9675436e-01
  -6.2420421e-01
  -3.9869542e-01
  -6.3460575e-01
  -7.4381092e-01
  -5.3650228e-01
  -5.3471898e-01
  -6.3180189e-01
  -6.2339672e-01
  -8.2627114e-01
  -6.4549054e-01
  -6.6721601e-01
  -1.0753603e+00
  -8.4140600e-01
  -1.0385792e+00
  -8.3205379e-01
  -7.8598868e-01
  -1.0780070e+00
  -1.0764684e+00
  -9.0845113e-01
  -8.6308781e-01
  -1.2073193e+00
  -1.0885877e+00
  -1.0900690e+00
  -8.7408811e-01
  -8.0855599e-01
  -1.0619629e+00
  -1.0766109e+00
  -1.0276768e+00
  -1.0003373e+00
  -9.1366876e-01
  -9.0771166e-01
  -1.0860508e+00
  -8.4196065e-01
  -9.4304648e-01
  -9.2765404e-01
  -8.8789008e-01
  -1.0164170e+00
  -9.5674252e-01
  -1.0761957e+00
  -7.0537676e-01
  -8.2867924e-01
  -8.5487442e-01
  -7.1688177e-01
  -6.6394581e-01
  -7.2752461e-01
  -6.4812916e-01
  -4.9491158e-01
  -5.6840257e-01
  -6.9623569e-01
  -6.4363471e-01
  -4.9085948e-01
  -4.8626863e-01
  -2.9382529e-01
  -4.6024531e-01
  -3.7729278e-01
  -3.1284264e-01
  -4.9183937e-01
  -2.7637018e-01
  -3.0090877e-01
  -3.7520662e-01
  -7.5528254e-02
  -6.7231152e-02
  -1.2923772e-01
   3.6359644e-02
  -8.5572927e-02
   2.9560817e-02
   1.7720852e-01
   2.2723565e-01
   1.5320447e-01
   1.8023283e-01
   1.7059254e-01
   9.0477044e-02
   3.0541002e-01
   5.8711020e-02
   5.9474030e-01
   4.1364476e-01
   2.3466960e-01
   2.9518318e-01
   5.4668129e-01
   6.0774178e-01
   8.5071444e-01
   5.4571097e-01
   5.5563674e-01
   5.0535826e-01
   8.3181588e-01
   7.8259949e-01
   6.7982119e-01
   7.9481062e-01
   7.9987425e-01
   8.4497777e-01
   7.3857272e-01
   5.7422016e-01
   1.0196682e+00
   6.8438155e-01
   1.1046133e+00
   9.8937044e-01
   1.0571652e+00
   1.0463605e+00
   9.1077621e-01
   9.3061553e-01
   9.9798605e-01
   8.9821742e-01
   1.0422156e+00
   8.4226931e-01
   9.5749849e-01
   1.0471432e+00
   1.1549147e+00
   1.2185110e+00
   9.8589273e-01
   1.0563071e+00
   1.0056855e+00
   6.4800678e-01
   1.0965240e+00
   7.0094258e-01
   8.8977215e-01
   9.9010510e-01
   1.0829832e+00
   7.3331741e-01
   7.6836442e-01
   8.6283344e-01
   4.5182461e-01
   8.2068354e-01
   5.4494775e-01
   1.1841858e+00
   1.0165814e+00
   1.0164297e+00
   8.3700061e-01
   4.0740757e-01
   8.0208813e-01
   8.9578552e-01
   4.4227771e-01
   6.2976678e-01
   4.7542498e-01
   3.7418241e-01
   2.3263980e-01
   5.1002218e-01
   5.4523853e-01
   5.6080860e-01
   2.0048585e-01
   3.9198204e-01
   3.7340233e-01
   7.0414090e-02
   1.5906289e-02
   2.8086468e-02
   1.4620038e-01
   4.6022710e-02
  -1.3443428e-01
  -1.3580832e-01
  -3.6227476e-01
  -5.0700265e-01
  -4.2460407e-01
  -4.5627444e-01
  -3.2988438e-01
  -4.7560924e-01
  -4.5341518e-01
  -4.4731758e-01
  -7.5348034e-01
  -3.0928846e-01
  -6.4543769e-01
  -5.4887200e-01
  -7.2835031e-01
  -8.7607320e-01
  -5.6860005e-01
  -7.0530013e-01
  -7.5318982e-01
  -6.9444233e-01
  -8.5404319e-01
  -5.7948486e-01
  -9.0500372e-01
  -7.3081275e-01
  -1.1588553e+00
  -1.0126308e+00
  -9.1598125e-01
  -1.1439201e+00
  -7.8160346e-01
  -9.1299381e-01
  -9.1757667e-01
  -9.4257629e-01
  -9.8732212e-01
  -1.0923195e+00
  -5.9209686e-01
  -9.4606940e-01
  -9.8421966e-01
  -8.6433067e-01
  -1.3387115e+00
  -9.7841377e-01
  -1.0471961e+00
  -1.0243306e+00
  -8.8424352e-01
  -1.1155518e+00
  -1.1750787e+00
  -8.8806666e-01
  -7.3597939e-01
  -9.3555645e-01
  -9.7088471e-01
  -1.0766814e+00
  -8.0915479e-01
  -9.2802288e-01
  -8.1072394e-01
  -1.0122803e+00
  -6.6936024e-01
  -8.9023181e-01
  -4.6689660e-01
  -4.2333578e-01
  -5.0476592e-01
  -7.3767261e-01
  -4.7686023e-01
  -5.2683321e-01
  -2.9080978e-01
  -2.7382340e-01
  -7.0406176e-01
  -4.3822306e-01
  -4.4370038e-01
  -3.4932436e-01
  -5.3033167e-01
  -2.2293046e-01
  -3.0772989e-01
  -3.0603146e-01
  -1.5650616e-01
  -1.7600159e-01
  -1.3577768e-01
  -5.0757672e-02
  -1.5820941e-01
   3.7142782e-02
   3.2343037e-01
  -9.8032504e-02
   2.0765688e-01
   1.0791310e-01
   3.0099383e-01
   5.3633134e-01
   1.4640218e-01
   2.0294886e-01
   5.6166255e-01
   5.8370507e-01
   3.3890004e-01
   5.4739612e-01
   7.3459566e-01
   4.8955784e-01
   4.9933344e-01
   3.2555253e-01
   8.2674619e-01
   4.8391088e-01
   8.5258575e-01
   4.9232581e-01
   8.2840558e-01
   9.9105067e-01
   7.5722033e-01
   1.0295808e+00
   1.0873669e+00
   9.8543409e-01
   8.6106690e-01
   5.4494987e-01
   8.4118542e-01
   1.0064265e+00
   1.1291398e+00
   1.1081603e+00
   1.3336886e+00
   9.0039234e-01
   1.0943101e+00
   9.8100747e-01
   9.6805547e-01
   1.1199028e+00
   9.1490746e-01
   9.0395740e-01
   1.1231429e+00
   1.0199323e+00
   9.2858577e-01
   9.1132557e-01
   7.9821445e-01
   1.1658750e+00
   9.6174702e-01
   9.9464212e-01
   8.3382060e-01
   5.6168586e-01
   1.0464599e+00
   8.4009837e-01
   5.1687695e-01
   7.9260441e-01
   7.8382434e-01
   8.2236491e-01
   8.0281536e-01
   6.6672135e-01
   7.5205778e-01
   7.7018145e-01
   5.9405466e-01
   6.1277258e-01
   9.0607747e-01
   9.0979678e-01
   5.3170540e-01
   2.7143680e-01
   3.5488398e-01
   4.9168459e-01
   7.0578964e-01
   3.7149157e-01
   4.1520716e-01
   2.5512292e-01
   1.9427328e-01
   3.0226055e-01
  -1.1582810e-01
   8.3406296e-02
  -3.1150140e-01
   6.5528749e-02
   1.4444646e-01
   1.6841360e-01
  -4.3719829e-01
  -4.7561843e-01
  -3.5013147e-01
  -1.8826370e-01
  -4.2407868e-01
  -1.4676514e-01
  -6.4753226e-01
  -2.1023038e-01
  -6.2265099e-01
  -2.6267457e-01
  -7.6903399e-01
  -4.7893960e-01
  -6.0174731e-01
  -6.3804231e-01
  -5.6800083e-01
  -7.6897399e-01
  -6.7536660e-01
  -5.6893083e-01
  -4.5073388e-01
  -9.3915936e-01
  -8.6782490e-01
  -9.5507702e-01
  -9.3062201e-01
  -9.2482093e-01
  -7.7291976e-01
  -8.6702705e-01
  -8.2666489e-01
  -6.6587489e-01
  -1.0400084e+00
  -7.7517772e-01
  -9.0160352e-01
  -1.0698572e+00
  -9.1047526e-01
  -1.1000914e+00
  -8.2106303e-01
  -1.2660112e+00
  -8.1878515e-01
  -9.8630619e-01
  -8.8098720e-01
  -9.1130297e-01
  -8.3467065e-01
  -1.1655470e+00
  -8.9742168e-01
  -7.7630524e-01
  -7.7332114e-01
  -1.3514749e+00
  -1.0333872e+00
  -7.4642188e-01
  -1.0510119e+00
  -1.1577238e+00
  -9.0155596e-01
  -8.9430708e-01
  -6.6623280e-01
  -7.3657551e-01
  -8.9419869e-01
  -6.4766924e-01
  -7.0137218e-01
  -6.0756244e-01
  -5.9393501e-01
  -4.4669617e-01
  -6.2370495e-01
  -2.9399369e-01
  -8.8623189e-01
  -6.4962157e-01
  -6.2078952e-01
  -3.4195458e-01
  -4.2667635e-01
  -2.5908227e-01
  -2.0794238e-01
  -2.5482640e-01
  -3.5964762e-01
  -3.6194458e-01
  -1.9318464e-01
   1.0207712e-01
   1.4631535e-02
  -2.4639329e-01
  -1.0172268e-01
   9.3863578e-02
   2.3227711e-01
   1.1687522e-02
   5.6930564e-02
   5.3076547e-01
   1.9693391e-01
   3.7195055e-01
   5.7969500e-01
   2.2759682e-01
   5.3828446e-01
   3.3960958e-01
   5.4720311e-01
   8.8099018e-01
   4.4847253e-01
   7.1623814e-01
   7.4938461e-01
   7.2861871e-01
   6.2311562e-01
   4.8410583e-01
   9.0685916e-01
   9.7078559e-01
   8.4366949e-01
   1.0429815e+00
   1.0127611e+00
   7.4187202e-01
   3.8851853e-01
   1.0774147e+00
   7.3218482e-01
   9.9542625e-01
   9.2712914e-01
   1.1878908e+00
   1.1351741e+00
   1.1508336e+00
   1.0089644e+00
   1.2766012e+00
   1.0154634e+00
   9.9108784e-01
   1.0418810e+00
   7.9195721e-01
   1.3124287e+00
   9.4927071e-01
   1.0668489e+00
   1.0436216e+00
   1.0131979e+00
   1.1650661e+00
   7.4515029e-01
   8.5696118e-01
   1.2112935e+00
   8.4119212e-01
   9.5686809e-01
   1.0956207e+00
   7.4381750e-01
   7.6931298e-01
   9.5016475e-01
   7.1041597e-01
   6.4471229e-01
   6.1978974e-01
